V,143,250.0,50
C,143,249.0,49
V,142,248.0,49
C,142,246.0,47
V,141,245.0,47
C,141,242.0,44
V,140,241.0,44
C,140,238.0,41
V,139,237.0,41
C,139,232.0,36
V,138,231.0,36
C,138,227.0,32
V,137,226.0,32
C,137,224.0,30
V,136,223.0,30
C,136,219.0,26
V,135,218.0,26
C,135,214.0,22
V,134,213.0,22
C,134,208.0,17
V,118,207.0,17
C,118,204.0,14
V,102,203.0,14
C,102,202.0,13
V,86,201.0,13
C,86,200.0,12
V,87,199.0,12
C,87,198.0,11
V,88,197.0,11
C,88,192.0,6
V,89,191.0,6
C,89,187.0,2
V,105,186.0,2
C,105,184.0,0
V,121,183.0,0
P,105,183.0,0
P,89,182.0,0
P,88,181.0,0
P,87,180.0,0
P,86,179.0,0
P,87,250.0,50
P,88,249.0,50
P,89,248.0,50
P,105,247.0,50
P,121,246.0,50
V,121,245.0,50
C,121,241.0,46
V,120,239.5,46
C,120,237.5,45
V,119,235.5,45
C,119,229.5,42
V,103,227.5,42
C,103,221.5,39
V,104,219.5,39
C,104,211.5,35
P,88,211.5,35
P,89,210.0,35
V,73,207.5,35
C,73,204.5,32
V,57,203.5,32
C,57,202.5,31
V,41,201.5,31
C,41,197.5,27
V,25,196.5,27
C,25,191.5,22
V,9,190.5,22
C,9,188.5,20
V,10,187.5,20
C,10,182.5,15
V,11,181.5,15
C,11,177.5,11
V,12,176.5,11
C,12,173.5,8
V,13,172.5,8
C,13,168.5,4
V,14,167.5,4
P,13,163.5,0
P,12,162.5,0
P,11,161.5,0
P,10,160.5,0
P,9,159.5,0
P,25,158.5,0
P,41,157.5,0
P,57,156.5,0
P,73,155.5,0
P,89,154.5,0
P,88,153.5,0
P,87,152.5,0
P,86,151.5,0
P,87,250.0,50
P,88,249.0,50
P,89,248.0,50
P,73,247.0,50
P,57,246.0,50
P,41,245.0,50
P,25,244.0,50
P,9,243.0,50
P,10,242.0,50
P,11,241.0,50
P,12,240.0,50
P,13,239.0,50
P,14,238.0,50
V,14,237.0,50
C,14,236.0,49
V,15,235.0,49
C,15,233.0,47
V,31,232.0,47
C,31,231.0,46
V,47,230.0,46
C,47,225.0,41
V,63,224.0,41
C,63,221.0,38
V,79,220.0,38
C,79,216.0,34
V,78,215.0,34
C,78,211.0,30
V,77,210.0,30
C,77,209.0,29
V,76,208.0,29
C,76,204.0,25
V,75,203.0,25
C,75,200.0,22
V,74,199.0,22
C,74,197.0,20
V,58,196.0,20
C,58,191.0,15
V,42,189.5,15
C,42,187.5,14
V,26,185.5,14
C,26,179.5,11
V,27,177.5,11
C,27,171.5,8
V,28,169.5,8
C,28,165.5,6
V,29,163.5,6
C,29,153.5,1
V,30,151.5,1
P,29,149.5,0
P,28,147.5,0
P,27,145.5,0
P,26,143.5,0
P,42,141.5,0
P,58,139.5,0
P,57,138.0,0
P,73,136.5,0
P,89,135.0,0
P,88,133.5,0
P,87,132.0,0
P,86,130.5,0
P,87,250.0,50
P,88,249.0,50
P,89,248.0,50
P,73,247.0,50
P,57,246.0,50
P,58,245.0,50
P,42,244.0,50
P,26,242.5,50
P,27,241.0,50
P,28,239.5,50
P,29,238.0,50
P,30,236.5,50
V,30,235.0,50
C,30,233.0,49
V,46,231.0,49
C,46,223.0,45
V,62,221.5,45
C,62,220.5,44
V,61,219.5,44
C,61,215.5,40
V,60,214.5,40
C,60,209.5,35
V,59,208.5,35
C,59,203.5,30
V,43,202.0,30
C,43,198.0,28
V,44,196.0,28
C,44,188.0,24
V,45,186.0,24
C,45,180.0,21
P,61,180.0,21
P,77,178.5,21
V,93,176.0,21
C,93,175.0,20
V,109,174.0,20
C,109,173.0,19
V,125,172.0,19
C,125,170.0,17
V,124,169.0,17
C,124,165.0,13
V,123,164.0,13
C,123,160.0,9
V,122,159.0,9
C,122,157.0,7
V,106,156.0,7
C,106,154.0,5
V,90,153.0,5
C,90,149.0,1
V,91,148.0,1
P,90,147.0,0
P,106,146.0,0
P,122,145.0,0
P,138,144.0,0
P,137,143.0,0
P,121,142.0,0
P,105,141.0,0
P,104,140.0,0
P,88,138.5,0
P,87,137.5,0
P,86,136.5,0
P,87,250.0,50
P,88,249.0,50
P,89,248.0,50
P,73,247.0,50
P,74,246.0,50
P,75,245.0,50
P,76,244.0,50
P,77,243.0,50
P,93,242.0,50
P,109,241.0,50
P,125,240.0,50
P,124,239.0,50
P,123,238.0,50
P,122,237.0,50
P,106,236.0,50
P,90,235.0,50
P,91,234.0,50
V,91,233.0,50
C,91,231.0,48
V,92,230.0,48
C,92,228.0,46
V,108,227.0,46
C,108,223.0,42
V,107,222.0,42
C,107,218.0,38
P,108,218.0,38
P,109,217.0,38
P,125,216.0,38
V,126,214.0,38
C,126,211.0,35
V,127,210.0,35
C,127,205.0,30
V,111,204.0,30
C,111,203.0,29
V,95,202.0,29
C,95,201.0,28
V,94,200.0,28
C,94,198.0,26
V,110,197.0,26
C,110,192.0,21
P,94,192.0,21
P,93,191.0,21
P,77,190.0,21
P,61,189.0,21
P,60,188.0,21
P,44,187.0,21
P,28,185.5,21
P,12,184.0,21
P,11,183.0,21
P,10,182.0,21
P,9,181.0,21
V,8,179.0,21
C,8,178.0,20
V,7,177.0,20
C,7,176.0,19
V,6,175.0,19
C,6,171.0,15
V,5,170.0,15
C,5,165.0,10
V,21,164.0,10
C,21,160.0,6
V,37,159.0,6
C,37,156.0,3
V,53,155.0,3
P,37,152.0,0
P,21,151.0,0
P,5,150.0,0
P,21,250.0,50
P,37,249.0,50
P,53,248.0,50
V,53,247.0,50
C,53,246.0,49
V,69,245.0,49
C,69,240.0,44
V,70,239.0,44
C,70,238.0,43
V,71,237.0,43
C,71,236.0,42
V,72,235.0,42
C,72,234.0,41
V,56,233.0,41
C,56,232.0,40
V,40,231.0,40
C,40,229.0,38
V,24,228.0,38
C,24,225.0,35
V,23,224.0,35
C,23,219.0,30
V,22,218.0,30
C,22,216.0,28
V,38,215.0,28
C,38,212.0,25
V,54,211.0,25
C,54,206.0,20
V,55,205.0,20
C,55,202.0,17
V,39,201.0,17
C,39,200.0,16
P,38,200.0,16
P,54,199.0,16
P,70,198.0,16
P,71,197.0,16
P,72,196.0,16
P,73,195.0,16
P,89,194.0,16
P,88,193.0,16
P,104,192.0,16
P,103,190.5,16
P,119,189.0,16
P,118,187.5,16
P,134,186.5,16
V,150,184.5,16
C,150,183.5,15
V,151,182.5,15
C,151,178.5,11
V,152,177.5,11
C,152,176.5,10
V,153,175.5,10
C,153,174.5,9
V,154,173.5,9
C,154,171.5,7
V,155,170.5,7
C,155,168.5,5
V,156,167.5,5
C,156,162.5,0
V,172,161.5,0
P,156,161.5,0
P,140,160.5,0
P,139,159.5,0
P,138,158.5,0
P,137,157.5,0
P,121,156.5,0
P,105,155.5,0
P,89,154.5,0
P,73,153.5,0
P,72,152.5,0
P,56,151.5,0
P,55,150.5,0
P,54,149.5,0
P,38,148.5,0
P,22,147.5,0
P,6,146.5,0
P,5,145.5,0
P,6,250.0,50
P,7,249.0,50
P,8,248.0,50
P,9,247.0,50
P,10,246.0,50
P,11,245.0,50
P,27,244.0,50
P,28,242.5,50
P,44,241.0,50
P,60,239.5,50
P,76,238.5,50
P,77,237.5,50
P,93,236.5,50
P,109,235.5,50
P,125,234.5,50
P,124,233.5,50
P,140,232.5,50
P,156,231.5,50
P,172,230.5,50
V,172,229.5,50
C,172,224.5,45
V,188,223.5,45
C,188,219.5,41
V,204,218.5,41
C,204,217.5,40
V,203,216.5,40
C,203,213.5,37
V,202,212.5,37
C,202,210.5,35
V,186,209.5,35
C,186,207.5,33
V,170,206.5,33
C,170,205.5,32
V,171,204.5,32
C,171,201.5,29
V,187,200.5,29
C,187,199.5,28
P,203,199.5,28
V,219,196.5,28
C,219,193.5,27
V,235,190.5,27
C,235,184.5,25
V,251,181.5,25
C,251,178.5,24
V,267,175.5,24
C,267,169.5,22
V,283,166.5,22
C,283,154.5,18
V,299,151.5,18
C,299,136.5,13
V,315,133.5,13
C,315,121.5,9
V,331,118.5,9
C,331,103.5,4
V,347,100.5,4
P,331,88.5,0
P,315,85.5,0
P,299,82.5,0
P,283,79.5,0
P,267,76.5,0
P,251,73.5,0
P,235,70.5,0
P,219,67.5,0
P,203,64.5,0
P,202,62.5,0
P,186,60.5,0
P,170,58.5,0
P,154,56.5,0
P,138,54.5,0
P,137,52.5,0
P,121,50.5,0
P,120,48.5,0
P,119,46.0,0
P,118,43.5,0
P,102,41.5,0
P,86,39.5,0
P,87,37.5,0
P,88,35.5,0
P,89,33.5,0
P,73,31.5,0
P,72,29.5,0
P,56,27.5,0
P,55,25.5,0
P,54,23.5,0
P,38,21.5,0
P,22,19.5,0
P,6,17.5,0
P,5,15.5,0
P,6,250.0,50
P,7,249.0,50
P,8,248.0,50
P,9,247.0,50
P,10,246.0,50
P,11,245.0,50
P,27,244.0,50
P,43,242.5,50
P,59,241.0,50
P,75,240.0,50
P,74,239.0,50
P,73,238.0,50
P,89,237.0,50
P,105,236.0,50
P,121,235.0,50
P,137,234.0,50
P,138,233.0,50
P,139,232.0,50
P,155,231.0,50
P,171,230.0,50
P,187,229.0,50
P,203,228.0,50
P,219,227.0,50
P,235,225.0,50
P,251,223.0,50
P,267,221.0,50
P,283,219.0,50
P,299,217.0,50
P,315,215.0,50
P,331,213.0,50
P,347,211.0,50
V,347,209.0,50
C,347,206.0,49
V,346,203.0,49
C,346,191.0,45
V,330,188.0,45
C,330,185.0,44
V,314,182.0,44
C,314,176.0,42
V,298,173.0,42
C,298,164.0,39
V,282,161.0,39
C,282,146.0,34
V,266,143.0,34
C,266,134.0,31
V,250,131.0,31
C,250,122.0,28
V,234,119.0,28
C,234,110.0,25
V,218,107.0,25
C,218,98.0,22
P,234,98.0,22
P,250,95.0,22
P,266,92.0,22
P,282,89.0,22
P,298,86.0,22
P,314,83.0,22
P,330,80.0,22
V,329,75.0,22
C,329,73.0,20
V,328,72.0,20
C,328,67.0,15
V,327,66.0,15
C,327,65.0,14
V,326,64.0,14
C,326,61.0,11
V,310,60.0,11
C,310,58.0,9
V,294,57.0,9
P,310,57.0,9
P,326,56.0,9
P,327,55.0,9
P,328,54.0,9
P,329,53.0,9
P,330,52.0,9
P,314,50.0,9
P,298,48.0,9
P,282,46.0,9
P,266,44.0,9
P,250,42.0,9
P,234,40.0,9
P,218,38.0,9
P,219,36.0,9
P,203,34.0,9
P,202,33.0,9
P,186,32.0,9
P,170,31.0,9
P,154,30.0,9
P,138,29.0,9
P,137,28.0,9
P,136,27.0,9
P,120,26.0,9
P,119,24.5,9
P,118,23.0,9
P,102,22.0,9
P,86,21.0,9
P,87,20.0,9
P,88,19.0,9
P,89,18.0,9
P,73,17.0,9
P,72,16.0,9
P,56,15.0,9
P,55,14.0,9
P,54,13.0,9
P,53,12.0,9
P,37,11.0,9
P,21,10.0,9
P,5,9.0,9
P,6,250.0,9
P,22,249.0,9
P,38,248.0,9
P,54,247.0,9
P,70,246.0,9
P,71,245.0,9
P,72,244.0,9
P,73,243.0,9
P,89,242.0,9
P,88,241.0,9
P,104,240.0,9
P,103,238.5,9
P,119,237.0,9
P,118,235.5,9
P,134,234.5,9
P,150,233.5,9
P,151,232.5,9
P,152,231.5,9
P,153,230.5,9
P,154,229.5,9
P,170,228.5,9
P,186,227.5,9
P,202,226.5,9
P,203,225.5,9
P,219,224.5,9
P,235,222.5,9
P,234,220.5,9
P,250,218.5,9
P,266,216.5,9
P,282,214.5,9
P,298,212.5,9
P,314,210.5,9
P,330,208.5,9
P,329,206.5,9
P,328,205.5,9
P,327,204.5,9
P,326,203.5,9
P,310,202.5,9
P,294,201.5,9
V,294,200.5,9
C,294,195.5,4
V,278,194.5,4
C,278,192.5,2
V,262,191.5,2
P,278,189.5,0
P,294,188.5,0
P,310,187.5,0
P,326,186.5,0
P,327,185.5,0
P,328,184.5,0
P,329,183.5,0
P,330,182.5,0
P,314,180.5,0
P,298,178.5,0
P,282,176.5,0
P,266,174.5,0
P,250,172.5,0
P,234,170.5,0
P,218,168.5,0
P,219,166.5,0
P,203,164.5,0
P,202,163.5,0
P,186,162.5,0
P,170,161.5,0
P,154,160.5,0
P,138,159.5,0
P,137,158.5,0
P,136,157.5,0
P,120,156.5,0
P,119,155.0,0
P,118,153.5,0
P,102,152.5,0
P,86,151.5,0
P,87,150.5,0
P,88,149.5,0
P,89,148.5,0
P,73,147.5,0
P,72,146.5,0
P,56,145.5,0
P,55,144.5,0
P,54,143.5,0
P,53,142.5,0
P,37,141.5,0
P,21,140.5,0
P,5,139.5,0
P,6,250.0,50
P,22,249.0,50
P,38,248.0,50
P,54,247.0,50
P,70,246.0,50
P,71,245.0,50
P,72,244.0,50
P,73,243.0,50
P,89,242.0,50
P,88,241.0,50
P,104,240.0,50
P,103,238.5,50
P,119,237.0,50
P,118,235.5,50
P,134,234.5,50
P,150,233.5,50
P,151,232.5,50
P,152,231.5,50
P,153,230.5,50
P,154,229.5,50
P,170,228.5,50
P,186,227.5,50
P,202,226.5,50
P,203,225.5,50
P,219,224.5,50
P,235,222.5,50
P,234,220.5,50
P,250,218.5,50
P,266,216.5,50
P,282,214.5,50
P,298,212.5,50
P,314,210.5,50
P,330,208.5,50
P,329,206.5,50
P,328,205.5,50
P,327,204.5,50
P,326,203.5,50
P,310,202.5,50
P,294,201.5,50
P,278,200.5,50
P,262,199.5,50
V,262,198.5,50
C,262,197.5,49
V,246,196.5,49
C,246,192.5,45
V,230,191.5,45
C,230,187.5,41
V,231,186.5,41
C,231,185.5,40
V,232,184.5,40
C,232,181.5,37
V,233,180.5,37
C,233,179.5,36
V,249,178.5,36
C,249,176.5,34
V,265,175.5,34
C,265,173.5,32
V,281,172.5,32
C,281,168.5,28
V,297,167.5,28
C,297,165.5,26
V,313,164.5,26
C,313,161.5,23
V,312,160.5,23
C,312,156.5,19
V,311,155.5,19
C,311,150.5,14
V,295,149.5,14
C,295,146.5,11
V,279,145.5,11
C,279,141.5,7
V,263,140.5,7
C,263,137.5,4
V,247,136.5,4
C,247,134.5,2
V,248,133.5,2
C,248,132.5,1
V,264,131.5,1
P,248,130.5,0
P,247,129.5,0
P,246,128.5,0
P,262,127.5,0
P,278,126.5,0
P,294,125.5,0
P,310,124.5,0
P,326,123.5,0
P,327,122.5,0
P,328,121.5,0
P,329,120.5,0
P,330,119.5,0
P,314,117.5,0
P,298,115.5,0
P,282,113.5,0
P,266,111.5,0
P,250,109.5,0
P,234,107.5,0
P,218,105.5,0
P,219,103.5,0
P,203,101.5,0
P,202,100.5,0
P,186,99.5,0
P,170,98.5,0
P,154,97.5,0
P,138,96.5,0
P,137,95.5,0
P,136,94.5,0
P,120,93.5,0
P,119,92.0,0
P,118,90.5,0
P,102,89.5,0
P,86,88.5,0
P,87,87.5,0
P,88,86.5,0
P,89,85.5,0
P,73,84.5,0
P,72,83.5,0
P,56,82.5,0
P,55,81.5,0
P,54,80.5,0
P,53,79.5,0
P,37,78.5,0
P,21,77.5,0
P,5,76.5,0
P,6,250.0,50
P,7,249.0,50
P,8,248.0,50
P,24,247.0,50
P,40,246.0,50
P,56,245.0,50
P,72,244.0,50
P,73,243.0,50
P,89,242.0,50
P,88,241.0,50
P,104,240.0,50
P,120,238.5,50
P,136,237.0,50
P,152,236.0,50
P,153,235.0,50
P,154,234.0,50
P,170,233.0,50
P,186,232.0,50
P,202,231.0,50
P,203,230.0,50
P,219,229.0,50
P,218,227.0,50
P,234,225.0,50
P,250,223.0,50
P,266,221.0,50
P,282,219.0,50
P,298,217.0,50
P,314,215.0,50
P,330,213.0,50
P,329,211.0,50
P,313,210.0,50
P,297,209.0,50
P,281,208.0,50
P,265,207.0,50
P,264,206.0,50
V,264,205.0,50
C,264,201.0,46
V,280,200.0,46
C,280,198.0,44
V,296,197.0,44
C,296,193.0,40
P,280,193.0,40
P,264,192.0,40
P,248,191.0,40
P,232,190.0,40
V,216,188.0,40
C,216,186.0,38
V,200,185.0,38
C,200,183.0,36
V,184,182.0,36
C,184,179.0,33
V,168,178.0,33
C,168,173.0,28
V,169,172.0,28
C,169,169.0,25
V,185,168.0,25
C,185,167.0,24
V,201,166.0,24
C,201,163.0,21
V,217,162.0,21
C,217,158.0,17
P,201,158.0,17
P,185,157.0,17
P,169,156.0,17
P,168,155.0,17
V,167,153.0,17
C,167,150.0,14
V,166,149.0,14
C,166,148.0,13
V,182,147.0,13
C,182,146.0,12
V,198,145.0,12
C,198,141.0,8
V,214,140.0,8
C,214,135.0,3
V,215,134.0,3
C,215,132.0,1
V,199,131.0,1
P,198,130.0,0
P,182,129.0,0
P,166,128.0,0
P,167,127.0,0
P,151,126.0,0
P,150,125.0,0
P,134,124.0,0
P,118,123.0,0
P,102,122.0,0
P,86,121.0,0
P,87,120.0,0
P,88,119.0,0
P,89,118.0,0
P,73,117.0,0
P,72,116.0,0
P,56,115.0,0
P,55,114.0,0
P,54,113.0,0
P,38,112.0,0
P,22,111.0,0
P,6,110.0,0
P,5,109.0,0
P,6,250.0,50
P,7,249.0,50
P,23,248.0,50
P,39,247.0,50
P,55,246.0,50
P,71,245.0,50
P,72,244.0,50
P,73,243.0,50
P,89,242.0,50
P,88,241.0,50
P,104,240.0,50
P,103,238.5,50
P,119,237.0,50
P,135,235.5,50
P,151,234.5,50
P,167,233.5,50
P,166,232.5,50
P,182,231.5,50
P,198,230.5,50
P,199,229.5,50
V,199,228.5,50
C,199,227.5,49
V,183,226.5,49
C,183,223.5,46
P,199,223.5,46
P,215,222.5,46
P,231,221.5,46
P,230,220.5,46
P,246,219.5,46
V,245,216.5,46
C,245,204.5,42
V,244,201.5,42
C,244,186.5,37
V,243,183.5,37
C,243,171.5,33
V,242,168.5,33
C,242,156.5,29
V,241,153.5,29
C,241,147.5,27
V,240,144.5,27
C,240,141.5,26
V,224,138.5,26
C,224,123.5,21
V,208,120.5,21
C,208,108.5,17
V,192,105.5,17
C,192,99.5,15
V,193,96.5,15
C,193,84.5,11
V,194,81.5,11
C,194,66.5,6
V,195,63.5,6
P,194,63.5,6
P,193,60.5,6
P,192,57.5,6
P,208,54.5,6
P,224,51.5,6
P,240,48.5,6
P,241,45.5,6
P,242,42.5,6
P,243,39.5,6
P,244,36.5,6
P,245,33.5,6
P,246,30.5,6
P,230,28.5,6
P,231,26.5,6
P,215,24.5,6
P,214,22.5,6
P,198,20.5,6
P,182,18.5,6
P,166,16.5,6
P,167,14.5,6
P,151,12.5,6
P,150,10.5,6
P,134,8.5,6
P,118,6.5,6
P,102,4.5,6
P,86,2.5,6
P,87,0.5,6
P,88,-1.5,6
P,89,-3.5,6
P,73,-5.5,6
P,72,-7.5,6
P,56,-9.5,6
P,55,-11.5,6
P,54,-13.5,6
P,38,-15.5,6
P,22,-17.5,6
P,6,-19.5,6
P,5,-21.5,6
P,21,250.0,6
P,37,249.0,6
P,53,248.0,6
P,69,247.0,6
P,70,246.0,6
P,71,245.0,6
P,72,244.0,6
P,73,243.0,6
P,89,242.0,6
P,88,241.0,6
P,104,240.0,6
P,103,238.5,6
P,119,237.0,6
P,118,235.5,6
P,134,234.5,6
P,150,233.5,6
P,151,232.5,6
P,167,231.5,6
P,166,230.5,6
P,182,229.5,6
P,198,228.5,6
P,214,227.5,6
P,215,226.5,6
P,231,225.5,6
P,230,224.5,6
P,246,223.5,6
P,245,222.5,6
P,244,220.5,6
P,243,218.5,6
P,242,216.5,6
P,241,214.5,6
P,240,212.5,6
P,224,210.5,6
P,208,208.5,6
P,192,206.5,6
P,193,204.5,6
P,194,202.5,6
P,195,200.5,6
V,195,198.5,6
C,195,192.5,4
V,196,189.5,4
C,196,177.5,0
V,197,174.5,0
P,196,174.5,0
P,195,171.5,0
P,194,168.5,0
P,193,165.5,0
P,192,162.5,0
P,208,159.5,0
P,224,156.5,0
P,240,153.5,0
P,241,150.5,0
P,242,147.5,0
P,243,144.5,0
P,244,141.5,0
P,245,138.5,0
P,246,135.5,0
P,230,133.5,0
P,231,131.5,0
P,215,129.5,0
P,214,127.5,0
P,198,125.5,0
P,182,123.5,0
P,166,121.5,0
P,167,119.5,0
P,151,117.5,0
P,150,115.5,0
P,134,113.5,0
P,118,111.5,0
P,102,109.5,0
P,86,107.5,0
P,87,105.5,0
P,88,103.5,0
P,89,101.5,0
P,73,99.5,0
P,72,97.5,0
P,56,95.5,0
P,55,93.5,0
P,54,91.5,0
P,38,89.5,0
P,22,87.5,0
P,6,85.5,0
P,5,83.5,0
P,21,250.0,50
P,37,249.0,50
P,53,248.0,50
P,69,247.0,50
P,70,246.0,50
P,71,245.0,50
P,72,244.0,50
P,73,243.0,50
P,89,242.0,50
P,88,241.0,50
P,104,240.0,50
P,103,238.5,50
P,119,237.0,50
P,118,235.5,50
P,134,234.5,50
P,150,233.5,50
P,151,232.5,50
P,167,231.5,50
P,166,230.5,50
P,182,229.5,50
P,198,228.5,50
P,214,227.5,50
P,215,226.5,50
P,231,225.5,50
P,230,224.5,50
P,246,223.5,50
P,245,222.5,50
P,244,220.5,50
P,243,218.5,50
P,242,216.5,50
P,241,214.5,50
P,240,212.5,50
P,224,210.5,50
P,208,208.5,50
P,192,206.5,50
P,193,204.5,50
P,194,202.5,50
P,195,200.5,50
P,196,198.5,50
P,197,196.5,50
V,197,194.5,50
C,197,185.5,47
V,213,182.5,47
C,213,167.5,42
V,229,164.5,42
C,229,155.5,39
V,228,152.5,39
C,228,149.5,38
V,227,146.5,38
C,227,140.5,36
V,226,137.5,36
C,226,131.5,34
V,225,128.5,34
C,225,122.5,32
V,209,119.5,32
C,209,110.5,29
V,210,107.5,29
C,210,101.5,27
V,211,98.5,27
C,211,86.5,23
V,212,83.5,23
C,212,71.5,19
P,211,71.5,19
P,195,68.5,19
P,194,65.5,19
P,195,62.5,19
V,179,57.5,19
C,179,52.5,14
V,163,51.5,14
C,163,50.5,13
V,147,49.5,13
P,163,47.5,11
P,179,46.5,11
P,195,45.5,11
P,196,43.5,11
P,197,41.5,11
P,213,39.5,11
P,229,37.5,11
P,245,35.5,11
P,246,33.5,11
P,230,32.5,11
P,231,31.5,11
P,215,30.5,11
P,214,29.5,11
P,198,28.5,11
P,182,27.5,11
P,166,26.5,11
P,167,25.5,11
P,151,24.5,11
P,150,23.5,11
P,134,22.5,11
P,118,21.5,11
P,102,20.5,11
P,86,19.5,11
P,87,18.5,11
P,88,17.5,11
P,89,16.5,11
P,73,15.5,11
P,72,14.5,11
P,56,13.5,11
P,55,12.5,11
P,54,11.5,11
P,38,10.5,11
P,22,9.5,11
P,6,8.5,11
P,5,7.5,11
P,21,250.0,11
P,37,249.0,11
P,53,248.0,11
P,69,247.0,11
P,70,246.0,11
P,71,245.0,11
P,72,244.0,11
P,73,243.0,11
P,89,242.0,11
P,88,241.0,11
P,104,240.0,11
P,103,238.5,11
P,119,237.0,11
P,118,235.5,11
P,134,234.5,11
P,150,233.5,11
P,151,232.5,11
P,167,231.5,11
P,166,230.5,11
P,182,229.5,11
P,198,228.5,11
P,214,227.5,11
P,215,226.5,11
P,231,225.5,11
P,230,224.5,11
P,246,223.5,11
P,245,222.5,11
P,229,220.5,11
P,228,218.5,11
P,212,216.5,11
P,211,214.5,11
P,195,212.5,11
P,179,210.5,11
P,163,209.5,11
P,147,208.5,11
V,147,207.5,11
C,147,204.5,8
V,131,203.5,8
C,131,198.5,3
V,132,197.5,3
C,132,195.5,1
V,133,194.5,1
C,133,193.5,0
V,149,192.5,0
P,133,192.5,0
P,132,191.5,0
P,131,190.5,0
P,147,189.5,0
P,163,188.5,0
P,179,187.5,0
P,195,186.5,0
P,196,184.5,0
P,197,182.5,0
P,213,180.5,0
P,229,178.5,0
P,245,176.5,0
P,246,174.5,0
P,230,173.5,0
P,231,172.5,0
P,215,171.5,0
P,214,170.5,0
P,198,169.5,0
P,182,168.5,0
P,166,167.5,0
P,167,166.5,0
P,151,165.5,0
P,150,164.5,0
P,134,163.5,0
P,118,162.5,0
P,102,161.5,0
P,86,160.5,0
P,87,159.5,0
P,88,158.5,0
P,89,157.5,0
P,73,156.5,0
P,72,155.5,0
P,56,154.5,0
P,55,153.5,0
P,54,152.5,0
P,38,151.5,0
P,22,150.5,0
P,6,149.5,0
P,5,148.5,0
P,21,250.0,50
P,37,249.0,50
P,53,248.0,50
P,69,247.0,50
P,70,246.0,50
P,71,245.0,50
P,72,244.0,50
P,73,243.0,50
P,89,242.0,50
P,88,241.0,50
P,104,240.0,50
P,103,238.5,50
P,119,237.0,50
P,118,235.5,50
P,134,234.5,50
P,150,233.5,50
P,151,232.5,50
P,167,231.5,50
P,166,230.5,50
P,182,229.5,50
P,198,228.5,50
P,214,227.5,50
P,215,226.5,50
P,231,225.5,50
P,230,224.5,50
P,246,223.5,50
P,245,222.5,50
P,229,220.5,50
P,213,218.5,50
P,197,216.5,50
P,196,214.5,50
P,195,212.5,50
P,179,210.5,50
P,163,209.5,50
P,147,208.5,50
P,131,207.5,50
P,132,206.5,50
P,133,205.5,50
P,149,204.5,50
V,149,203.5,50
C,149,201.5,48
V,165,200.5,48
C,165,195.5,43
V,181,194.5,43
C,181,191.5,40
V,180,190.5,40
C,180,187.5,37
V,164,186.5,37
C,164,184.5,35
V,148,183.5,35
C,148,179.5,31
P,164,179.5,31
P,180,178.5,31
P,179,177.5,31
P,195,176.5,31
P,194,174.5,31
P,193,172.5,31
V,177,168.0,31
C,177,166.0,30
V,161,164.0,30
C,161,162.0,29
V,145,160.0,29
C,145,158.0,28
V,129,156.0,28
C,129,152.0,26
V,130,150.0,26
C,130,144.0,23
V,146,142.0,23
C,146,134.0,19
V,162,132.0,19
C,162,122.0,14
V,178,120.0,14
C,178,118.0,13
P,177,118.0,13
P,161,116.0,13
P,145,114.0,13
P,129,112.0,13
V,128,108.0,13
C,128,106.0,12
V,144,104.0,12
C,144,102.0,11
V,160,100.0,11
C,160,98.0,10
V,176,96.0,10
C,176,94.0,9
P,177,94.0,9
P,193,92.0,9
P,209,89.5,9
P,225,87.0,9
P,241,84.5,9
P,240,82.0,9
V,256,76.5,9
C,256,67.5,6
V,272,64.5,6
P,256,64.5,6
P,240,61.5,6
P,241,58.5,6
P,225,55.5,6
P,209,52.5,6
P,193,49.5,6
P,194,46.5,6
P,195,43.5,6
P,196,40.5,6
P,197,37.5,6
P,213,34.5,6
P,229,31.5,6
P,245,28.5,6
P,246,25.5,6
P,230,23.5,6
P,231,21.5,6
P,215,19.5,6
P,214,17.5,6
P,198,15.5,6
P,182,13.5,6
P,166,11.5,6
P,167,9.5,6
P,151,7.5,6
P,150,5.5,6
P,134,3.5,6
P,118,1.5,6
P,102,-0.5,6
P,86,-2.5,6
P,87,-4.5,6
P,88,-6.5,6
P,89,-8.5,6
P,73,-10.5,6
P,72,-12.5,6
P,56,-14.5,6
P,55,-16.5,6
P,54,-18.5,6
P,53,-20.5,6
P,37,-22.5,6
P,21,-24.5,6
P,5,-26.5,6
P,21,250.0,6
P,37,249.0,6
P,53,248.0,6
P,69,247.0,6
P,70,246.0,6
P,71,245.0,6
P,72,244.0,6
P,73,243.0,6
P,89,242.0,6
P,88,241.0,6
P,104,240.0,6
P,103,238.5,6
P,119,237.0,6
P,118,235.5,6
P,134,234.5,6
P,150,233.5,6
P,151,232.5,6
P,167,231.5,6
P,166,230.5,6
P,182,229.5,6
P,198,228.5,6
P,214,227.5,6
P,215,226.5,6
P,231,225.5,6
P,247,224.5,6
P,246,223.5,6
P,245,222.5,6
P,244,220.5,6
P,243,218.5,6
P,242,216.5,6
P,241,214.5,6
P,240,212.5,6
P,256,210.5,6
P,272,208.5,6
V,272,206.5,6
C,272,194.5,2
V,288,191.5,2
P,272,185.5,0
P,256,182.5,0
P,240,179.5,0
P,241,176.5,0
P,225,173.5,0
P,209,170.5,0
P,193,167.5,0
P,194,164.5,0
P,195,161.5,0
P,196,158.5,0
P,197,155.5,0
P,213,152.5,0
P,229,149.5,0
P,245,146.5,0
P,246,143.5,0
P,230,141.5,0
P,231,139.5,0
P,215,137.5,0
P,214,135.5,0
P,198,133.5,0
P,182,131.5,0
P,166,129.5,0
P,167,127.5,0
P,151,125.5,0
P,150,123.5,0
P,134,121.5,0
P,118,119.5,0
P,102,117.5,0
P,86,115.5,0
P,87,113.5,0
P,88,111.5,0
P,89,109.5,0
P,73,107.5,0
P,57,105.5,0
P,56,103.5,0
P,55,101.5,0
P,54,99.5,0
P,53,97.5,0
P,37,95.5,0
P,21,93.5,0
P,5,91.5,0
P,21,250.0,50
P,37,249.0,50
P,53,248.0,50
P,69,247.0,50
P,70,246.0,50
P,71,245.0,50
P,72,244.0,50
P,73,243.0,50
P,89,242.0,50
P,88,241.0,50
P,104,240.0,50
P,103,238.5,50
P,119,237.0,50
P,118,235.5,50
P,134,234.5,50
P,150,233.5,50
P,151,232.5,50
P,167,231.5,50
P,166,230.5,50
P,182,229.5,50
P,198,228.5,50
P,214,227.5,50
P,215,226.5,50
P,231,225.5,50
P,247,224.5,50
P,246,223.5,50
P,245,222.5,50
P,244,220.5,50
P,243,218.5,50
P,242,216.5,50
P,241,214.5,50
P,240,212.5,50
P,256,210.5,50
P,272,208.5,50
P,288,206.5,50
V,288,204.5,50
C,288,195.5,47
V,304,192.5,47
C,304,183.5,44
V,320,180.5,44
C,320,165.5,39
V,336,162.5,39
C,336,159.5,38
V,337,156.5,38
C,337,153.5,37
V,338,150.5,37
C,338,138.5,33
V,339,135.5,33
C,339,123.5,29
V,340,120.5,29
C,340,117.5,28
V,341,114.5,28
C,341,102.5,24
V,325,99.5,24
P,341,99.5,24
P,340,96.5,24
P,339,93.5,24
P,338,90.5,24
P,337,87.5,24
P,336,84.5,24
P,320,81.5,24
P,304,78.5,24
P,288,75.5,24
P,272,72.5,24
P,256,69.5,24
P,240,66.5,24
P,241,63.5,24
P,225,60.5,24
P,209,57.5,24
P,193,54.5,24
P,194,51.5,24
P,195,48.5,24
P,196,45.5,24
P,197,42.5,24
P,213,39.5,24
P,229,36.5,24
P,245,33.5,24
P,246,30.5,24
P,230,28.5,24
P,231,26.5,24
P,215,24.5,24
P,214,22.5,24
P,198,20.5,24
P,182,18.5,24
P,166,16.5,24
P,167,14.5,24
P,151,12.5,24
P,150,10.5,24
P,134,8.5,24
P,118,6.5,24
P,102,4.5,24
P,86,2.5,24
P,87,0.5,24
P,88,-1.5,24
P,89,-3.5,24
P,73,-5.5,24
P,57,-7.5,24
P,56,-9.5,24
P,55,-11.5,24
P,54,-13.5,24
P,53,-15.5,24
P,37,-17.5,24
P,21,-19.5,24
P,5,-21.5,24
P,21,250.0,24
P,37,249.0,24
P,53,248.0,24
P,69,247.0,24
P,70,246.0,24
P,71,245.0,24
P,72,244.0,24
P,73,243.0,24
P,89,242.0,24
P,88,241.0,24
P,104,240.0,24
P,103,238.5,24
P,119,237.0,24
P,118,235.5,24
P,134,234.5,24
P,150,233.5,24
P,151,232.5,24
P,167,231.5,24
P,166,230.5,24
P,182,229.5,24
P,198,228.5,24
P,214,227.5,24
P,215,226.5,24
P,231,225.5,24
P,247,224.5,24
P,246,223.5,24
P,245,222.5,24
P,244,220.5,24
P,243,218.5,24
P,242,216.5,24
P,241,214.5,24
P,240,212.5,24
P,256,210.5,24
P,272,208.5,24
P,288,206.5,24
P,304,204.5,24
P,320,202.5,24
P,336,200.5,24
P,337,198.5,24
P,338,196.5,24
P,339,194.5,24
P,340,192.5,24
P,341,190.5,24
P,325,188.5,24
V,325,186.5,24
C,325,177.5,21
V,309,174.5,21
C,309,165.5,18
V,293,162.5,18
C,293,156.5,16
V,277,153.5,16
C,277,150.5,15
V,261,147.5,15
C,261,135.5,11
V,260,132.5,11
C,260,123.5,8
V,259,120.5,8
C,259,117.5,7
V,258,114.5,7
C,258,108.5,5
V,257,105.5,5
C,257,90.5,0
V,273,87.5,0
P,257,87.5,0
P,258,84.5,0
P,259,81.5,0
P,243,78.5,0
P,227,75.5,0
P,211,72.5,0
P,195,69.5,0
P,196,66.5,0
P,197,63.5,0
P,213,60.5,0
P,229,57.5,0
P,245,54.5,0
P,246,51.5,0
P,230,49.5,0
P,231,47.5,0
P,215,45.5,0
P,214,43.5,0
P,198,41.5,0
P,182,39.5,0
P,166,37.5,0
P,167,35.5,0
P,151,33.5,0
P,150,31.5,0
P,134,29.5,0
P,118,27.5,0
P,102,25.5,0
P,86,23.5,0
P,87,21.5,0
P,88,19.5,0
P,89,17.5,0
P,73,15.5,0
P,57,13.5,0
P,56,11.5,0
P,55,9.5,0
P,54,7.5,0
P,53,5.5,0
P,37,3.5,0
P,21,1.5,0
P,5,-0.5,0
P,21,250.0,50
P,37,249.0,50
P,53,248.0,50
P,69,247.0,50
P,70,246.0,50
P,71,245.0,50
P,72,244.0,50
P,73,243.0,50
P,89,242.0,50
P,88,241.0,50
P,104,240.0,50
P,103,238.5,50
P,119,237.0,50
P,118,235.5,50
P,134,234.5,50
P,150,233.5,50
P,151,232.5,50
P,167,231.5,50
P,166,230.5,50
P,182,229.5,50
P,198,228.5,50
P,214,227.5,50
P,215,226.5,50
P,231,225.5,50
P,247,224.5,50
P,246,223.5,50
P,245,222.5,50
P,244,220.5,50
P,243,218.5,50
P,259,216.5,50
P,258,214.5,50
P,257,212.5,50
P,273,210.5,50
V,273,208.5,50
C,273,199.5,47
V,289,196.5,47
C,289,181.5,42
V,305,178.5,42
C,305,172.5,40
V,321,169.5,40
C,321,154.5,35
V,322,151.5,35
C,322,145.5,33
V,323,142.5,33
C,323,130.5,29
V,324,127.5,29
C,324,121.5,27
V,308,118.5,27
C,308,106.5,23
V,292,103.5,23
C,292,88.5,18
V,276,85.5,18
C,276,82.5,17
V,275,79.5,17
C,275,76.5,16
V,274,73.5,16
P,258,61.5,12
P,259,58.5,12
P,243,55.5,12
P,227,52.5,12
P,211,49.5,12
P,195,46.5,12
P,196,43.5,12
P,197,40.5,12
P,213,37.5,12
P,229,34.5,12
P,245,31.5,12
P,246,28.5,12
P,230,26.5,12
P,231,24.5,12
P,215,22.5,12
P,214,20.5,12
P,198,18.5,12
P,182,16.5,12
P,166,14.5,12
P,167,12.5,12
P,151,10.5,12
P,150,8.5,12
P,134,6.5,12
P,118,4.5,12
P,102,2.5,12
P,86,0.5,12
P,87,-1.5,12
P,88,-3.5,12
P,89,-5.5,12
P,73,-7.5,12
P,57,-9.5,12
P,56,-11.5,12
P,55,-13.5,12
P,54,-15.5,12
P,53,-17.5,12
P,37,-19.5,12
P,21,-21.5,12
P,5,-23.5,12
P,21,250.0,12
P,37,249.0,12
P,53,248.0,12
P,69,247.0,12
P,70,246.0,12
P,71,245.0,12
P,72,244.0,12
P,73,243.0,12
P,89,242.0,12
P,88,241.0,12
P,104,240.0,12
P,103,238.5,12
P,119,237.0,12
P,118,235.5,12
P,134,234.5,12
P,150,233.5,12
P,151,232.5,12
P,167,231.5,12
P,166,230.5,12
P,182,229.5,12
P,198,228.5,12
P,214,227.5,12
P,215,226.5,12
P,231,225.5,12
P,247,224.5,12
P,246,223.5,12
P,245,222.5,12
P,244,220.5,12
P,243,218.5,12
P,259,216.5,12
P,258,214.5,12
P,274,212.5,12
V,274,210.5,12
C,274,207.5,11
V,290,204.5,11
C,290,192.5,7
V,306,189.5,7
C,306,186.5,6
V,307,183.5,6
C,307,168.5,1
V,291,165.5,1
P,275,162.5,0
P,259,159.5,0
P,243,156.5,0
P,227,153.5,0
P,211,150.5,0
P,195,147.5,0
P,196,144.5,0
P,197,141.5,0
P,213,138.5,0
P,229,135.5,0
P,245,132.5,0
P,246,129.5,0
P,230,127.5,0
P,231,125.5,0
P,215,123.5,0
P,214,121.5,0
P,198,119.5,0
P,182,117.5,0
P,166,115.5,0
P,167,113.5,0
P,151,111.5,0
P,150,109.5,0
P,134,107.5,0
P,118,105.5,0
P,102,103.5,0
P,86,101.5,0
P,87,99.5,0
P,88,97.5,0
P,89,95.5,0
P,73,93.5,0
P,57,91.5,0
P,56,89.5,0
P,55,87.5,0
P,54,85.5,0
P,53,83.5,0
P,37,81.5,0
P,21,79.5,0
P,5,77.5,0
P,21,250.0,50
P,37,249.0,50
P,53,248.0,50
P,69,247.0,50
P,70,246.0,50
P,71,245.0,50
P,72,244.0,50
P,73,243.0,50
P,89,242.0,50
P,88,241.0,50
P,104,240.0,50
P,103,238.5,50
P,119,237.0,50
P,118,235.5,50
P,134,234.5,50
P,150,233.5,50
P,151,232.5,50
P,167,231.5,50
P,166,230.5,50
P,182,229.5,50
P,198,228.5,50
P,214,227.5,50
P,215,226.5,50
P,231,225.5,50
P,247,224.5,50
P,246,223.5,50
P,245,222.5,50
P,244,220.5,50
P,243,218.5,50
P,259,216.5,50
P,275,214.5,50
P,291,212.5,50
V,291,210.5,50
C,291,207.5,49
P,307,207.5,49
P,308,204.5,49
P,309,201.5,49
P,293,198.5,49
P,277,195.5,49
P,261,192.5,49
P,245,189.5,49
P,246,186.5,49
P,262,184.5,49
P,278,182.5,49
P,294,180.5,49
P,310,178.5,49
P,326,176.5,49
V,342,173.5,49
C,342,169.5,45
V,343,168.0,45
C,343,160.0,41
V,344,158.0,41
C,344,154.0,39
V,345,152.5,39
C,345,148.5,35
P,329,148.5,35
P,330,147.5,35
P,331,145.5,35
P,347,143.5,35
V,348,138.5,35
C,348,129.5,32
V,349,126.5,32
C,349,114.5,28
V,350,111.5,28
C,350,96.5,23
V,351,93.5,23
C,351,90.5,22
V,335,87.5,22
C,335,78.5,19
V,319,75.5,19
P,335,75.5,19
P,351,72.5,19
P,350,69.5,19
P,349,66.5,19
P,348,63.5,19
P,347,60.5,19
P,346,57.5,19
P,330,54.5,19
P,314,51.5,19
P,298,48.5,19
P,282,45.5,19
P,266,42.5,19
P,250,39.5,19
P,234,36.5,19
P,218,33.5,19
P,219,30.5,19
P,203,27.5,19
P,202,25.5,19
P,186,23.5,19
P,170,21.5,19
P,154,19.5,19
P,138,17.5,19
P,137,15.5,19
P,136,13.5,19
P,120,11.5,19
P,119,9.0,19
P,118,6.5,19
P,102,4.5,19
P,86,2.5,19
P,87,0.5,19
P,88,-1.5,19
P,89,-3.5,19
P,73,-5.5,19
P,72,-7.5,19
P,56,-9.5,19
P,55,-11.5,19
P,54,-13.5,19
P,53,-15.5,19
P,37,-17.5,19
P,21,-19.5,19
P,5,-21.5,19
P,6,250.0,19
P,7,249.0,19
P,8,248.0,19
P,9,247.0,19
P,10,246.0,19
P,11,245.0,19
P,27,244.0,19
P,28,242.5,19
P,44,241.0,19
P,60,239.5,19
P,61,238.5,19
P,77,237.5,19
P,93,236.5,19
P,109,235.5,19
P,110,234.5,19
P,111,233.5,19
P,127,232.5,19
P,143,231.5,19
P,142,230.5,19
P,141,229.5,19
P,140,228.5,19
P,156,227.5,19
P,172,226.5,19
P,188,225.5,19
P,204,224.5,19
P,203,223.5,19
P,219,222.5,19
P,235,220.5,19
P,251,218.5,19
P,267,216.5,19
P,283,214.5,19
P,299,212.5,19
P,315,210.5,19
P,331,208.5,19
P,347,206.5,19
P,348,204.5,19
P,349,202.5,19
P,350,200.5,19
P,351,198.5,19
P,335,196.5,19
P,319,194.5,19
V,319,192.5,19
C,319,183.5,16
V,303,180.5,16
C,303,174.5,14
V,287,171.5,14
C,287,165.5,12
V,271,162.5,12
C,271,159.5,11
V,255,156.5,11
C,255,141.5,6
V,239,138.5,6
C,239,132.5,4
V,223,129.5,4
C,223,123.5,2
V,222,120.5,2
C,222,114.5,0
V,221,111.5,0
P,222,111.5,0
P,223,108.5,0
P,239,105.5,0
P,255,102.5,0
P,271,99.5,0
P,287,96.5,0
P,303,93.5,0
P,319,90.5,0
P,335,87.5,0
P,351,84.5,0
P,350,81.5,0
P,349,78.5,0
P,348,75.5,0
P,347,72.5,0
P,346,69.5,0
P,330,66.5,0
P,314,63.5,0
P,298,60.5,0
P,282,57.5,0
P,266,54.5,0
P,250,51.5,0
P,234,48.5,0
P,218,45.5,0
P,219,42.5,0
P,203,39.5,0
P,202,37.5,0
P,186,35.5,0
P,170,33.5,0
P,154,31.5,0
P,138,29.5,0
P,137,27.5,0
P,136,25.5,0
P,120,23.5,0
P,119,21.0,0
P,118,18.5,0
P,102,16.5,0
P,86,14.5,0
P,87,12.5,0
P,88,10.5,0
P,89,8.5,0
P,73,6.5,0
P,72,4.5,0
P,56,2.5,0
P,55,0.5,0
P,54,-1.5,0
P,53,-3.5,0
P,37,-5.5,0
P,21,-7.5,0
P,5,-9.5,0
P,6,250.0,50
P,7,249.0,50
P,8,248.0,50
P,9,247.0,50
P,10,246.0,50
P,11,245.0,50
P,27,244.0,50
P,28,242.5,50
P,44,241.0,50
P,60,239.5,50
P,61,238.5,50
P,77,237.5,50
P,93,236.5,50
P,109,235.5,50
P,125,234.5,50
P,141,233.5,50
P,140,232.5,50
P,156,231.5,50
P,172,230.5,50
P,188,229.5,50
P,204,228.5,50
P,203,227.5,50
P,219,226.5,50
P,235,224.5,50
P,251,222.5,50
P,267,220.5,50
P,283,218.5,50
P,299,216.5,50
P,315,214.5,50
P,331,212.5,50
P,347,210.5,50
P,348,208.5,50
P,349,206.5,50
P,350,204.5,50
P,351,202.5,50
P,335,200.5,50
P,319,198.5,50
P,303,196.5,50
P,287,194.5,50
P,271,192.5,50
P,255,190.5,50
P,239,188.5,50
P,223,186.5,50
P,222,184.5,50
P,221,182.5,50
V,221,180.5,50
C,221,174.5,48
V,220,171.5,48
C,220,156.5,43
V,236,153.5,43
C,236,141.5,39
V,252,138.5,39
C,252,132.5,37
V,268,129.5,37
C,268,126.5,36
V,284,123.5,36
C,284,111.5,32
V,300,108.5,32
C,300,102.5,30
V,316,99.5,30
C,316,90.5,27
V,332,87.5,27
C,332,84.5,26
V,333,81.5,26
C,333,69.5,22
V,334,66.5,22
C,334,57.5,19
V,318,54.5,19
P,319,54.5,19
P,303,51.5,19
P,287,48.5,19
P,271,45.5,19
P,255,42.5,19
P,239,39.5,19
P,223,36.5,19
P,222,33.5,19
P,221,30.5,19
P,220,27.5,19
P,219,24.5,19
P,203,21.5,19
P,202,19.5,19
P,186,17.5,19
P,170,15.5,19
P,154,13.5,19
P,138,11.5,19
P,137,9.5,19
P,136,7.5,19
P,120,5.5,19
P,119,3.0,19
P,118,0.5,19
P,102,-1.5,19
P,86,-3.5,19
P,87,-5.5,19
P,88,-7.5,19
P,89,-9.5,19
P,73,-11.5,19
P,72,-13.5,19
P,56,-15.5,19
P,55,-17.5,19
P,54,-19.5,19
P,53,-21.5,19
P,37,-23.5,19
P,21,-25.5,19
P,5,-27.5,19
P,6,250.0,19
P,7,249.0,19
P,8,248.0,19
P,9,247.0,19
P,10,246.0,19
P,11,245.0,19
P,27,244.0,19
P,28,242.5,19
P,44,241.0,19
P,60,239.5,19
P,61,238.5,19
P,77,237.5,19
P,93,236.5,19
P,109,235.5,19
P,110,234.5,19
P,126,233.5,19
P,142,232.5,19
P,141,231.5,19
P,140,230.5,19
P,156,229.5,19
P,172,228.5,19
P,188,227.5,19
P,204,226.5,19
P,203,225.5,19
P,219,224.5,19
P,220,222.5,19
P,236,220.5,19
P,252,218.5,19
P,268,216.5,19
P,284,214.5,19
P,300,212.5,19
P,316,210.5,19
P,332,208.5,19
P,333,206.5,19
P,334,204.5,19
P,318,202.5,19
V,318,200.5,19
C,318,185.5,14
V,302,182.5,14
C,302,170.5,10
V,286,167.5,10
C,286,158.5,7
V,270,155.5,7
C,270,149.5,5
V,254,146.5,5
C,254,140.5,3
V,238,137.5,3
C,238,131.5,1
V,237,128.5,1
P,236,125.5,0
P,220,122.5,0
P,219,119.5,0
P,203,116.5,0
P,202,114.5,0
P,186,112.5,0
P,170,110.5,0
P,154,108.5,0
P,138,106.5,0
P,137,104.5,0
P,136,102.5,0
P,120,100.5,0
P,119,98.0,0
P,118,95.5,0
P,102,93.5,0
P,86,91.5,0
P,87,89.5,0
P,88,87.5,0
P,89,85.5,0
P,73,83.5,0
P,72,81.5,0
P,56,79.5,0
P,55,77.5,0
P,54,75.5,0
P,53,73.5,0
P,37,71.5,0
P,21,69.5,0
P,5,67.5,0
P,6,250.0,50
P,7,249.0,50
P,8,248.0,50
P,9,247.0,50
P,10,246.0,50
P,11,245.0,50
P,27,244.0,50
P,28,242.5,50
P,44,241.0,50
P,60,239.5,50
P,61,238.5,50
P,77,237.5,50
P,93,236.5,50
P,109,235.5,50
P,125,234.5,50
P,141,233.5,50
P,140,232.5,50
P,156,231.5,50
P,172,230.5,50
P,188,229.5,50
P,204,228.5,50
P,203,227.5,50
P,219,226.5,50
P,220,224.5,50
P,236,222.5,50
P,237,220.5,50
V,237,218.5,50
C,237,209.5,47
V,253,206.5,47
C,253,194.5,43
V,269,191.5,43
C,269,188.5,42
V,285,185.5,42
C,285,173.5,38
V,301,170.5,38
C,301,167.5,37
V,317,164.5,37
C,317,161.5,36
P,318,161.5,36
P,302,158.5,36
P,286,155.5,36
P,270,152.5,36
P,254,149.5,36
P,238,146.5,36
P,222,143.5,36
V,206,138.5,36
C,206,137.5,35
V,190,136.5,35
C,190,134.5,33
V,174,133.5,33
C,174,129.5,29
V,158,128.5,29
C,158,123.5,24
V,159,122.5,24
C,159,119.5,21
V,175,118.5,21
C,175,115.5,18
V,191,114.5,18
C,191,112.5,16
V,207,111.5,16
C,207,110.5,15
P,191,110.5,15
P,175,109.5,15
P,159,108.5,15
P,158,107.5,15
V,157,105.5,15
C,157,104.5,14
V,173,103.5,14
C,173,100.5,11
V,189,99.5,11
C,189,94.5,6
V,205,93.5,6
C,205,89.5,2
